1039503262561517570
1039274409528315904
1039174695348854784
1038550492513820672
1039677499037372416
1039559314590101505
1039544201615171586
1039537853125074946
1038916252050354176
1038876440262004736
1038182678938431488
1038136123875373057
1037739757479055365
1037737244273127425
1037705822342668288
1037705750926290945
1037465429235716096
1037436475774840832
1039929895202250752
1039929230681944065
1039927561160196096
1039926825999314944
1039926767912460293
1039871397147942912
1039611603447111682
1039590234697203712
1039580812050616320
1039577260276293635
1039553104964972544
1039553055971307520
1039551416602451968
1039529678330122241
1039512788266143744
1039226520559079427
1039221972167811072
1039215548612141057
1039211860304842752
1039209375095840769
1039161300356620288
1038875537182212097
1038775821882851328
1038775620367540224
1038460767346085888
1038411984113463296
1038226129948221440
1038196812342026240
1038188569083428864
1038115477095100416
1038115215752278018
1038114154911956992
1038088692571754496
1038088587063918592
1038086991697666048
1038086788076789761
1038086213406793740
1037803498543501312
1037792965479915520
1037792830658359296
1037792786232291332
1037792749993582593
1037792704917368832
1037792413727764480
1037775916179628032
1037775397310668802
1037767595011858433
1037760616860200960
1037760082468065280
1037755809588027392
1037755753476644869
1037752763734732800
1037747900204417024
1037741391835742211
1037716032830533632
1037711611430166533
1037469922610372608
1037454232197259264
1037434708651634688
1037417884648185856
1037417381486837760
1037416099556544512
1037414797145513984
1037406990463643648
1037398416681316352
1039905012103737346
1039898309689843712
1039549611738898432
1039532949878845442
1039529105375543296
1039517390587932673
1039511608609988608
1039499556197683201
1039495310710583301
1039495189948231680
1038151233092157440
1038068445223546880
1037724181050351622
1037409763888390146
1039927220494639105
1039917624744968192
1039900897965473793
1039891539772796930
1039830213578973184
1039716528550277121
1039621652798169089
1039481881371332611
1039459775707324417
1039264970830225411
1039234584439865344
1039219612972470274
1039188606991171584
1039177253723226116
1039154907968929798
1039113268126801920
1039102737751961602
1039101134886129664
1038980169908842501
1038979547142729728
1038963410409541633
1038769583354724354
1038611680069144576
1038462891157073920
1038211332242382848
1038199346439876608
1038199022786371584
1038176632530513920
1038160242738114560
1038153181694447616
1038153178322223104
1038142206475939840
1038142104558600194
1038140708400578560
1038124047698149377
1038113380517724160
1038091685920735233
1038055908897685505
1038055862089265152
1038055182339399680
1037890586408361986
1037859238800961536
1037845400911339520
1037834865708654592
1037834827284848643
1037832024025968640
1037815511160172545
1037757227002679296
1037756050689155072
1037731792483241984
1037700584349032449
1037692059266818048
1037660761399742464
1037462870890557447
1037454936383139840
1037402170935717889
1039906490838970368
1039873442118623232
1039589083872481281
1039525953112891392
1039227398057861120
1039205615812444161
1039193837112094722
1039166617719111680
1038841968913272835
1038456941763289089
1038171937753784320
1038111002062200832
1038094547182657536
1038094050182815745
1038093876723101696
1038086997594853376
1038083702910275586
1037833794546483201
1037791955697188864
1037791763744874496
1037791337494601728
1037791240077672451
1037791141297631233
1037775691599757313
1037732164480131072
1037448598429073408
1037436232870047744
1037433028543492099
1037428646171078659
1037426905341931521
1037426893954400256
1039886172804341763
1039884488216641536
1039633654736211969
1039591529294254081
1039524765260820481
1039506183248334849
1039505851944497152
1039497368436199424
1039211064767000577
1039211043535421440
1039210828019445765
1039192146593624066
1038449508517076992
1038111697557499904
1038111604011880449
1038087702678319104
1038085972469133312
1038082448909848576
1038049932505243648
1038049902125871104
1037824948402839553
1037794121921056768
1037790574466740224
1037785445113851904
1037760598006800386
1037747902335148034
1037747853828005895
1037721837025861637
1037720560149688321
1037716390197817344
1037716250238050305
1037715643280306178
1037715454633160704
1037715009550340096
1037714958220439554
1037714641177247750
1037711542572261377
1037440968776138755
1037400339366985733
1039920419917180928
1039897670742106114
1039895842591834112
1039895103685488640
1039894380889427968
1039885204192743424
1039620999355027456
1039610593739776006
1039539887668641793
1039526180746092545
1039517458535723008
1039500740371390465
1039310571282288644
1039256777018298370
1039253179156889606
1039243305094139905
1039243062025904128
1039240878630600704
1039238489282363397
1039238042513547264
1039235558617300992
1039232746562965504
1039210590294691840
1039209445748813826
1039177618476675072
1039174640982274054
1039159020899188737
1039143997787303936
1038866023317950464
1038473569032957954
1038213511569190912
1038140730982711297
1038136150114938880
1038097041040334849
1038082548101009413
1037814988793110528
1037814950377517057
1037809788787322881
1037802429520199680
1037792064908484608
1037772521200865280
1037769348881022977
1037764186569363457
1037760504792600577
1037739604663848961
1037737218897526785
1037732010029146112
1037731886758551552
1037699829319839744
1037697946089926656
1037459333552979968
1037444915154878464
1037434469718913025
1037428755965329410
1039637571872215040
1039547782669856768
1039491739281752065
1039245303004766208
1039245300525871104
1038488030829531136
1039891381655719936
1039566746972303363
1039498801763966976
1039161573686824962
1038426732322123776
1037700776154550273
1037663789125120000
1037437716831514625
1039901196360679426
1039596438492200960
1039480172855083009
1039271792169373697
1039199357801832448
1039171646320463872
1038969059923120128
1038923000676896769
1038782072960307200
1038421698234601472
1038157565866196992
1038143347112771584
1038075456044580865
1037709756608077824
1037441694357016577
1039893966303494145
1039548793128214529
1039157510362615810
1038494292434665472
1038209702247714816
1038167201570873344
1037813896311123970
1037808802530295810
1037733046345261056
1037732808259710976
1039915763568660480
1039867429751599105
1039615061172674566
1039607007764918272
1039588385583783936
1039501708282523648
1039501707317784576
1039501705136795648
1039271637185703938
1039271636132921344
1038195963939221504
1038156012233129984
1038156011100618752
1037819751966404609
1037765295916634119
1037740633350393857
1037670884427882496
1037670302975700993
1037670301159575552
1037652529469943809
1037522097826869249
1037505928013209601
1037437494583799808
1037426529934946304
1037425644228014080
1037417195993751553
1037417151836160001
1037417104511787009
1037417050308845568
1039629186309267456
1039145150432403456
1039924450182012928
1039882608954535936
1039530526363799552
1039246328293941248
1039222864371757056
1039218421857247233
1038918438863945728
1038880950996938752
1038849143610003456
1038808594735616005
1038599777615794177
1038586267414528000
1038585610947190784
1038558873815339009
1038185141196091393
1038149655027052544
1038114447213191168
1037831505404461057
1037788777538760704
1037755310868504577
1037438334979776512
1039715469501116416
1039700014057054208
1039648024207794176
1039622787445477376
1039560096324440064
1039527886154342406
1039527880684916737
1039233536769839106
1039174312677101568
1038938481811226625
1038862056315793408
1038467669316390912
1038185584974602241
1038165397852364801
1038142461732966405
1038128561964699650
1038112006191177728
1038062695197618176
1037875681076629505
1037866806726348805
1037710720501211136
1037710719008088064
1037710711185711104
1037710579711057920
1037710575969738752
1037434492326211590
1037402412452139008
1039930216142004226
1039613379504156672
1039570099957628928
1039257816341651456
1039257815465041920
1039254848196276225
1039235200448974848
1038861344504569856
1038550558406262785
1038550188237959169
1038448122672885760
1038149322469244928
1037748315465637888
1037748314517590022
1037734194942763009
1039605822769311750
1039560431214493697
1038882184701136896
1038186073510301696
1038181341408493568
1037857955717292039
1037800851979599872
1037695098795028480
1037526385001152513
1039746769398247424
1039742207463514113
1039540722322616323
1038165583211061249
1038080309814853632
1037874141678862336
1037822990090555392
1037439283311923201
1037413959148732416
1039862536089346048
1039635671307218944
1039229833610444800
1038979875435044864
1038947922774126592
1038915199317622784
1038865823761350656
1038493110110773255
1037856221674524672
1037822499201867776
1037753796967858177
1037717536291336192
1037710069247488002
1039913496023052289
1039906979261698048
1039889491153043456
1039673153470062592
1039669736609665024
1039667046290735109
1039496218139877376
1039494163702657025
1039471724176310272
1039469744901042176
1039311945738973184
1039284955212406784
1039270225559080962
1038929462983778304
1038788996321734658
1038767653547126784
1038502181316558849
1038149612526362624
1038046481637433344
1037863126191013888
1037813888891461638
1037773704078524416
1037687559411978240
1037502528240451584
1037469407897903104
1037459880918048769
1037447739179757587
1039607027868344327
1039596078675501056
1039582942639652865
1039565050380517377
1039266262671450112
1039250911674085378
1039235812695654400
1039220209947697152
1039207300060381184
1038192942907715584
1038172923838779393
1038159486853304320
1038119575127244801
1037837068657938433
1037821323580506117
1037743802721677312
1037438217841078272
1037398521568223233
1039544106014461952
1039543869682200576
1039513894245593089
1039194666976124930
1038872938630524928
1038139841710567424
1038131512179417088
1038092008169119744
1038061130097287168
1037714485346295809
1039923955723841537
1039592768157437952
1039550854280429568
1039496529504022528
1039276832376279040
1039246130213801984
1039230676728524800
1039210052144586752
1039144214272069632
1038945460432642049
1038919700611252224
1038876174234132480
1038823092989190150
1038431045560008704
1038090165850390528
1038054648198955009
1038051682683432962
1037773244852576256
1037722780303863814
1037483264670347265
1037463107952668673
1037407023028166656
1039850481525436416
1039657860165263360
1039646588589821952
1039597064018190337
1039560685204762624
1039302112499453953
1039185159134867457
1038903348118921217
1038486166193025025
1038167963663302659
1038124548409966594
1037869318225186816
1037786996620447744
1037767756748402688
1037715962454331392
1037703516041748481
1037687599333298176
1037457773670424576
1039906360803119104
1039648640124563458
1039620121491386368
1039522223806205955
1039276604294352896
1039272616153030661
1037481189890777088
1037451455039516679
1039517937055551488
1038062086553776129
1039923594141163526
1039894841025613824
1039667718448930816
1039142195255603200
1038828377501626373
1038592709429223427
1037857999812022272
1037421670259216385
1039927899095224321
1039922912470478856
1039620656114159621
1039560382388609025
1039536839219183616
1039536837130375171
1039210007311646721
1039181871672901635
1038895822396698629
1038834341013598214
1038204405416423427
1038173737185693697
1038121717665882112
1038115335319302145
1037770994482655233
1037726453557866496
1037483479884357632
1037469667928035329
1039881606419410944
1039596865602428929
1039537367776935939
1039229933921492993
1039170683660632065
1038543848774008832
1038499234478211073
1038149457785876480
1038134260773933056
1038108745178509313
1038108207636459522
1037802507416875008
1037741140148142090
1039904590500638721
1039639214202212352
1039524534095896576
1039278053422256128
1039242236209385479
1039193810658648064
1038955381903568896
1038851883975290880
1037791075115642883
1037732440108920832
1037714559006638080
1039878026396426240
1039586081912643586
1039564642580869121
1039500263458066432
1039231190669160455
1039190765774233600
1039143598531465216
1038055599383216128
1037700910267424768
1037465396675313664
1037402974321037317
1039912498575679490
1039884428519124992
1039883945800884224
1039883368945647617
1039883183913938946
1039882526947454977
1039867817179443200
1039693413795459072
1039691863362613253
1039689640318566400
1039678477371428864
1039605810484183040
1039128624941674497
1039124627153403905
1038958083198935040
1038906068557017088
1038504590512201730
1038501851715518464
1037847027315552262
1037845108065030144
1037707952122150922
1039582218081980416
1038919435116052485
1037421373310873601
1037401798921920516
1039640100907483138
1039522589817876480
1038169470785777664
1037466040177963008
1037409665414512641
1037400573031731201
1039925733156683777
1039922301096144897
1039922299510685697
1039510835171717125
1038529358162526208
1039914847339782147
1039914747674734593
1039914642557034499
1039552154879574016
1039529917770280960
1039521355279069184
1039515467696590849
1039514728459059200
1039249496402788352
1039249419961593857
1039249250608144384
1039195021982015488
1038085257331961856
1037824264475475968
1037793996536463360
1037793668659331073
1037793581568798720
1037790206353661952
1037709700366839809
1037709509198848002
1037709436482211840
1037459213256208384
1037459071450992640
1037421365916299264
1037397693306490880
1039862749382287364
1039513065950072832
1039238688360857601
1039124167549968385
1037826154634326016
1039903759554568192
1039895052326252549
1039866293283893248
1039559854191468546
1039537184737583104
1039518516280537088
1039265069924802560
1039225613620584448
1039225150682681344
1038960728374484992
1038497777414807561
1038449964823789568
1038187853082185728
1038167705063448577
1038157957085708288
1038154721226383361
1037804535387967488
1037760199094874112
1037725576746942464
1037460738108010496
1037458533711863808
1037410737801637894
1037406063321133056
1039925557931266050
1039924900390227968
1039922320608047106
1039913063842017280
1039851895538507776
1039851676759457797
1039841812880474112
1039635336861822976
1039552511139606529
1039468874289299456
1039328667321753601
1039296236694790145
1039291184340975617
1039278954560081922
1039252397502226433
1039218868483502080
1039203657894506501
1039202114692689920
1039193377445761030
1039178156505288704
1039175869766533122
1039168163466960896
1039166707137490944
1039138456704901120
1038902669329539073
1038858444026114049
1038804721312702466
1038778499421618176
1038770900810784768
1038751738176720896
1038606750751043584
1038582496105881601
1038519529629011970
1038440969367166976
1038419821166317570
1038412217115467777
1038399953796833280
1038076190022688771
1037832751930662913
1037802534822465536
1037785767744098313
1037780163172491273
1037769745389576192
1037727036440281088
1037707184967221248
1037706694485258240
1037706264434933760
1037458511704326145
1037453370406133766
1037451586681950208
1037447750617624579
1037443857615597568
1037443531483344905
1037438098806853633
1037409937398353920
1039885805156790277
1039651106463379458
1038820763799838720
1039927919634796544
1039533208948420610
1039519138744606720
1039519134877446144
1039176550250364929
1039154679840681984
1039628348467675138
1039583912614232065
1039537412987387905
1039537412135890944
1039537411116683266
1038926521396674560
1038132353548394496
1039487470390276098
1038883883050323968
1038076908272009216
1038048404780269572
1037783770353549312
1037689323456540673
1039899568324968449
1039594023110041600
1039505293040869376
1039209229750607875
1038136562133942278
1037806114799280130
1037736717715951616
1037701694031888386
1037463093880737792
1039890201055834112
1039474183095443456
1039870676721721344
1039621013682769926
1039601051412901890
1039541527889027072
1039242136011657221
1039224575589081096
1039224349021163521
1038199806093668352
1038199662514196480
1038056351799410689
1037789535743160320
1037787606094884864
1037754497316085760
1037713904435163136
1037421250841387008
1037420703568429056
1037399735156518912
1037399556030431232
1038918477296414720
1038859726161948679
1038844865365336064
1038843963640360964
1038538796890050560
1038538195921760257
1038472241678348288
1038162304926400512
1039918702458744833
1039887275780399104
1039591653361819650
1039591652531347458
1039591651537235968
1039591650258051077
1039562045501399040
1039562003503882241
1038874171579801603
1038151939815555072
1038114797726978049
1038114094421823489
1037825303933079552
1037724686501773312
1037714234233286657
1037527272755023872
1037448848816390149
1039615031388893184
1039229361331884035
1037808543318061056
1037720069600628736
1039925591997403136
1039925197812457472
1039924471736553472
1039924400810799105
1039922944653307907
1039898733721411585
1039838675155251201
1039514753729671171
1039476363319812097
1039233327386058753
1039163125885554688
1039113794574852096
1037664336767053825
1039902094650695711
1039900347790241792
1039896341932113921
1039888733930176512
1039529662567858176
1039508821339791360
1039252788105101314
1037799978675175424
1037470928358334464
1037398311295217665
1039891018026496000
1039692742320959488
1039562289475727363
1039501286050283520
1038864868454137856
1038508495879004160
1038071065673719808
1038071064071495681
1037796389856657408
1037453925627121670
1039930230545235968
1039506501671510016
1038209095155769344
1038114324718514177
1038084728686080001
1039931039139995648
1037731642440380416
1039225780528660480
1039219343475855368
1039213479209721856
1038152704399486976
1037828068608536576
1039884771281842177
1039870026009010176
1039542922553778178
1039261611800842240
1038877298156556289
1038094488357535744
1037791017821499392
1037735763348279297
1037716617713659906
1037396805204561922
1039529174648741890
1039513151811792897
1039242741367144448
1039242520423751685
1038490465866276864
1039925622720684033
1039860842546847744
1039694496714432513
1039649792253734915
1039533729574805504
1039288817948274693
1039225765089501184
1039166608005128193
1039155502020808705
1039152196724699136
1038932567372619776
1038441836149272577
1038166256602558465
1037811002530848770
1037808659126992896
1037802045829459968
1037734428733321216
1037445095866490882
1037428309074866176
1037416695558754310
1039911985897517062
1039884861866168320
1039627142416359424
1039609020053692416
1039559988241465344
1039559628575657984
1039559207077457920
1039516770682302466
1039263676753223680
1039175858160914432
1038925014500667392
1038517997441302528
1038108887050858496
1038081183060512768
1037768250971631618
1037715498518097921
1037698160712474625
1037408864973606912
1039904243728179201
1039583375466655745
1039504403559067648
1039214805486395392
1038205004824412160
1038178696547446785
1038147200013017090
1038137882693783554
1038118878633762817
1037824742533877761
1037781202445447169
1037703377684185088
1037694469599113218
1037483769220001793
1037470729875476480
1037397568936923137
1039560343788421120
1039155156913475586
1039908303411847168
1039897004250464256
1039896539483852804
1039896213242478593
1039895276817969155
1039895135042060288
1039894859350458368
1039894729691938816
1039894589547716608
1039894410878693379
1039894117839503364
1039893967519797249
1039893773063467008
1039893573544620039
1039893373241499648
1039893153258582017
1039892883963305984
1039892651171037184
1039892191462805504
1039891921890631683
1039891804282343424
1039891654252085248
1039891581782908933
1039891464959021056
1039891279369433088
1039891070455369728
1039890885461372928
1039890782466060289
1039890456514052097
1039890424083697664
1039890090024230912
1039889661810880513
1039889447268114432
1039889276790624257
1039888995197566977
1039888695900479488
1039888369134854144
1039885536125706240
1039872365100969986
1039666182855581696
1039666176484356097
1039628935829577735
1039597574876016640
1039597573974241281
1039597570987892737
1039327488768450562
1039289203828449280
1038862803329855490
1038578087695405057
1038079588918874114
1037876404237611008
1037875496829284352
1037875489145335808
1037810065393283073
1037808315634470915
1037806552617549824
1037733601343877121
1037723795413512194
1037486703148249090
1037479432133505024
1037475541341884416
1037461996340473857
1037458817242615809
1037451341608755200
1037451340052615171
1037451338647519232
1037446953028775946
1039872165544386560
1039649314245632000
1039625593812332544
1039605006943617024
1039554190098477056
1039531203089522689
1039488865994788864
1039312054203674624
1039259210293420033
1039166977946857472
1038547756632219648
1038481477518938112
1038426989290512384
1038157606458720258
1038144296568975366
1038115796298465280
1037710631347146752
1037710595158626304
1037704540143923200
1037457919577612288
1037435918037209088
1037430889486200838
1037428919295778816
1037403032810483712
1039907054641655809
1039866080322379776
1039603541508276224
1039559066165669889
1039521914593656832
1039511324084985856
1039254637306695680
1039254635746394112
1039213660219080704
1038175892697239553
1038136968746618880
1038090975061655552
1037730599119843338
1037721787772096512
1039837502654357505
1039647612041879553
1039647532845080582
1039553868118614017
1039228748015513601
1039221751203475458
1039221688389521411
1039146843572248576
1038099989505945600
1038087833343471616
1038079512704167936
1037761535509229572
1037748457694552072
1037702269922418688
1037506309791330305
1037505925949677568
1037505729916223488
1037505129510064128
1037493363623317509
1037468677518516224
1037441429109436424
1037400058369650694
1039926537410240513
1039864194315825157
1039588296266051589
1039554318339325953
1039258036706127872
1039230648458924033
1039205617007841285
1039197917498757120
1038909914419085312
1038804222505111552
1038509779679760384
1038426740974968832
1038181146033618944
1038155609730949120
1037773339748691968
1037773187264774145
1037772864500494337
1037460363720024065
1037421961146720257
1037401374777114627
1039905298931179523
1039905239275659264
1039881736405110784
1039678278884384768
1039649652264652800
1039648502308106241
1039622678582374400
1039603328760639488
1039532740323037184
1039253278507364352
1038157658157711362
1037436010370670592
1037421754589827072
1037410174112354306
1037406495816728578
1039533033660002304
1038951883426213888
1039918074504339456
1039894133173837826
1039498181871120386
1039265444635525121
1038927876152803328
1038513497901092865
1038481005097701378
1038134001905684486
1038066813777657856
1037817443614445573
1037816782004908035
1037816771200385024
1037816616019476480
1037816407059320844
1037805892492840961
1037757838364471297
1037730615649624064
1037715690944454656
1037689694233010176
1037409931744428032
1039911704413593600
1039619845543940096
1039586338503319552
1039570548060241920
1039570547229831168
1039498690162057216
1039229004107194371
1039208663498547201
1037730432765321216
1037724947588763648
1037460168240496642
1037408208854417412
1037408207747117057
1039879550883258368
1039611141272612864
1039593595194490880
1039576091042766849
1039548750660808705
1039259875732336641
1039235070685589505
1039219517325565954
1039198681474510849
1039182928390103040
1038156949722935297
1038132209272668161
1037796449331884037
1037780272937402368
1037764819909320704
1037738406330228736
1037723093098278917
1037437926974648328
1037417044596150272
1037401373875298310
1039839095286124545
1039839084880031744
1039665722111209473
1039665720760655872
1039665714678902784
1039626222932779009
1039471298949328897
1039471297301016577
1039259491546660864
1039259486056337412
1039195106853769218
1039125197494931456
1038892065323659264
1038866336460550144
1038866273633849344